-480106.6050398436
-480577.5108095738
-479771.6436956513
-477760.4867923887
-474611.40976696997
-470387.7219772673
-465149.07619318925
-458951.36130480503
-481056.2145749264
-473094.2825352871
-464320.6799737263
-454778.37835246045
-444508.6907627344
-433552.5885899762
-421950.8074608053
-409743.8052320061
-396971.3417343184
-383672.1231100337
-462778.40848952264
-448537.77145462297
-433880.76667768
-418842.7922362273
-403458.6674849422
-387762.68418786995
-371788.6554547959
-355569.94687149505
-339139.4934087379
-322529.9516039021
-305773.8641493138
-288903.6463467596
-271951.6944868122
-254950.68598571804
-237933.60990318036
-220933.83438157928
-203985.66801350148
-187124.47574901563
-170386.85399672412
-153811.88080457126
-137441.33876691514
-121321.03642745868
-105503.95198618692
-90050.80968562613
-75035.59826943294
-60549.52792230288
-46719.895775044875
-33730.32389697683
-21844.81436634788
-11499.99650540533
-3564.124835063773
0.0
-4019807.7334161773
-3875523.656739181
-3728983.4393116035
-3581475.1256253542
-3434092.28687149
-3287748.8139357516
-3143193.140491544
-3001022.076156457
-2861694.163670929
-2725542.5272376747
-2592787.2913089376
-2463549.9683540603
-2337894.8666211017
-2215868.0607827455
-2097502.2177553796
-1982817.4611808513
-1871821.2362738342
-1764508.5679864574
-1660862.9241636512
-1560857.9983883952
-1464461.0925067207
-1371635.2267411775
-1282339.5247507284
-1196529.573056428
-1114157.8423417902
-1035173.9721962858
-959525.0024580526
-887155.7961221231
-818009.4966770787
-752027.5880875529
-689150.0288930949
-629315.4110685011
-572461.0257172354
-518522.8993156552
-467435.88044886425
-419133.6699444148
-373548.928458261
-330613.6400403855
-290259.1541431097
-252415.94361478102
-217013.27410789055
-183979.4681527847
-153244.03682081422
-124738.08618935639
-98389.30610289575
-74121.9972678813
-51895.841923533815
-31724.77629785109
-13800.275795618432
-0.0
-10075183.26247551
-9749400.26657066
-9423730.271482926
-9099028.614637658
-8776047.66753128
-8455690.631269274
-8138094.21511046
-7826060.540300831
-7507309.749733156
-7182440.010145732
-6864928.537662368
-6553180.4843004495
-6248265.214199567
-5950543.88151873
-5660378.628155086
-5378669.602027604
-5103998.901993889
-4843519.712140514
-4556511.853154024
-4243294.390970102
-3945226.5926387077
-3655795.0138571486
-3377063.84295115
-3108769.091719281
-2851241.255601624
-2604622.544861369
-2369077.0688669547
-2144734.807852348
-1931706.8347066334
-1730081.3432720024
-1539924.7952773494
-1361281.5400636564
-1194173.6748645306
-1038600.8178066261
-894539.6678281378
-761943.2977012485
-640740.4245967783
-530834.1659053187
-432100.226794948
-344384.7896237464
-267500.6123791087
-201222.08858170727
-145278.1520358437
-99342.30021926142
-63015.31247108632
-35793.14995821345
-17023.77076728063
-5821.668918149068
-898.3998982042444
0.0
