1361359.2608676967
1360173.2132823495
1355341.6401749598
1347117.177933524
1335743.3480205326
1321441.8309662011
1304419.7881851387
1284869.0834754417
1337203.0127214422
1313112.9025898543
1286984.7391276658
1258956.0330589432
1229154.689525053
1197702.0238116654
1164713.2584347748
1130297.9461203543
1094560.8959314595
1057603.1017535562
1255615.9801657323
1216505.5164219348
1176456.8865648496
1135558.786486268
1093897.5174128336
1051557.287336754
1008620.6740155612
965168.8126234142
921281.4913335745
877037.3530112074
832514.2389291425
787789.1464606824
742938.4836287608
698038.6184178374
653165.9828741602
608397.2110482842
563810.1317321032
519483.9854857752
475499.5316384776
431940.24614817323
388892.5071596614
346448.297299912
304711.2570327244
263796.51530852687
223830.5535140919
184954.05915626773
147369.38792131183
111378.2959396432
77307.94820843772
45737.37439211827
18295.135647885752
0.0
-8432447.492158206
-8027222.499228806
-7636371.512733334
-7259521.536304617
-6896306.147003785
-6546365.782003064
-6209347.458222632
-5884904.925576606
-5572698.610470842
-5272395.630285649
-4983669.677152942
-4706201.155576253
-4439677.487365023
-4183793.602105967
-3938251.734824408
-3702761.3137821406
-3477039.8848128966
-3260813.6549723484
-3053817.065416246
-2855792.190991616
-2666487.7613305086
-2485658.4830034133
-2313064.665105989
-2148471.798617971
-1991649.884339963
-1842373.1133598
-1700419.7017944497
-1565571.7224491346
-1437615.0913502988
-1316339.304907144
-1201537.2080482088
-1093004.679853199
-990540.4408917762
-893945.9014661617
-803024.8065549007
-717583.1039095477
-637428.703278763
-562370.5787415018
-492218.7645219612
-426787.3467678303
-365899.6154261896
-309384.97633139766
-257061.33486461488
-208733.23880343005
-164262.37720502142
-123597.91798888567
-86531.8197341141
-52962.37820729136
-23688.996084277256
-0.0
27929578.016417444
27006660.156192314
26085785.039001
25169374.24908791
24259538.637935057
23358727.01499348
22467401.02895206
21592760.70133631
20703643.01023594
19801586.760751158
18920838.828583695
18057319.153978813
17213701.43677783
16390845.860101696
15589605.342299081
14812193.971126843
14054931.046883443
13335915.771934386
12551580.929372525
11702651.19957374
10894162.30280763
10109479.127943493
9353768.019571451
8626279.958440227
7927778.968386437
7258552.950276418
6618947.99413576
6009226.262904111
5429604.988965944
4880246.7361412225
4361262.659736481
3872711.985191492
3414602.1722473563
2986888.8095943974
2589475.1667684894
2222211.252692258
1884892.8551085456
1577260.179575438
1298995.790867662
1049722.1610671799
828995.5968504825
636298.210790386
471030.05097001715
332501.67466166674
219911.64917839947
132283.71559290204
68433.57106811267
26878.685099994076
5520.453941032824
0.0
