1555887.9563395137
1517146.5071515061
1477236.2154655147
1436314.6853610224
1394527.2862896288
1352007.630563189
1308877.9681034123
1265249.657537551
1295405.9531067985
1251073.104738676
1206514.824868743
1161803.5226686979
1117004.3551145145
1072177.0232473048
1027376.1512683309
982651.66465247
938049.8812566607
893614.5210900418
1085310.220597345
1041329.3162314837
997632.2100797865
954254.2364728205
911229.0703474145
868588.9452486073
826365.0128757304
784587.4927262528
743285.7327315832
702488.2966894163
662223.1541149714
622517.656756377
583398.6814654027
544892.9411892671
507027.02461249335
469827.4969347193
433321.37383229955
397536.2437698244
362500.2363681485
328242.2553368149
294791.9930758781
262181.4232467164
230448.01971404895
199634.2171260626
169783.6056448577
140940.74862700366
113179.92376536556
86624.3906472641
61365.398646562004
37596.68924922806
16132.929065234086
0.0
-10008330.59774655
-9559671.866617566
-9122074.738955844
-8696058.863500213
-8282022.242451469
-7880250.9682226395
-7490928.528939106
-7114144.962052613
-6749905.463555145
-6398138.870376586
-6058705.758150502
-5731407.851331854
-5416015.522504521
-5112293.559066299
-4820004.268191534
-4538907.88935186
-4268763.343020843
-4009328.85483836
-3760362.293489921
-3521621.656803507
-3292866.5164604653
-3073859.0920996247
-2864362.7218833123
-2664144.6422204133
-2472972.7984107845
-2290617.1884172875
-2116849.602501827
-1951443.7498357093
-1794175.5224240315
-1644822.8349789523
-1503165.4963880114
-1368985.0401819681
-1242064.5977764088
-1122188.801335954
-1009143.5283237941
-902715.8219467433
-802693.7437437723
-708865.831915393
-621021.1261995961
-538951.6173613393
-462456.52630618354
-391339.78995949076
-325396.14316200267
-264409.80135469086
-208212.79596392857
-156711.610658987
-109699.49452829213
-67099.72602262913
-29742.504580518766
-0.0
25029385.656322654
23987436.860227615
22972151.460157588
21984303.595079064
21024422.74875815
20093439.382383946
19190356.42432302
18320966.458186615
17452779.77179053
16586035.222988505
15753703.804096347
14950502.511911029
14177940.417561684
13435756.449944522
12723723.66405924
12043015.999765215
11388956.881350175
10778673.798561746
10107751.31967802
9376032.40002238
8687629.705944244
8025110.133390517
7392862.166318535
6789398.610918606
6214779.229427664
5668622.664489855
5150640.046910202
4660492.647419574
4197830.6947142305
3762283.4882114544
3353462.533430459
2970961.0235873763
2614354.123328785
2283198.082389323
1977034.6066072197
1695381.4925145633
1437741.235206663
1203596.1377194359
992408.603715985
803620.3326889806
636649.5767562416
490887.3529702796
365695.2372573205
260405.48664167273
174312.91168651686
106641.5328194136
56544.60472525939
23083.79864952872
5067.459384203866
0.0
